File	Mean	SE	Max	Min
AAGAB.Cells_Cultured_fibroblasts	-0.00903950021442903	0.000164242305080656	0.345464	-0.291331
ABCB9.Cells_Cultured_fibroblasts	0.178880792799892	0.000533455581971088	1.05617	-0.389231
ABCB9.Skin_Not_Sun_Exposed_Suprapubic	0.384572409715711	0.00088570168519305	1.89988	-0.501038
AC131097.4.Skin_Not_Sun_Exposed_Suprapubic	-0.136425860456942	0.000491216495231823	0.48123	-1.51641
ACTR1A.Skin_Sun_Exposed_Lower_leg	-0.13087023969893	0.000254321868667259	0.13389	-0.482687
ADAMTS4.Cells_Cultured_fibroblasts	1.37754	0	1.37754	1.37754
AHI1.Cells_Cultured_fibroblasts	-0.873448934262994	0.00123166437603502	3.04022	-4.38164
AHI1.Cells_EBV-transformed_lymphocytes	-0.492377158545026	0.0014411050672729	2.68081	-4.04129
AHI1.Skin_Not_Sun_Exposed_Suprapubic	-0.813139869544116	0.00159610288086795	1.58023	-4.516
AHI1.Skin_Sun_Exposed_Lower_leg	-0.879260639503684	0.00147925236847701	1.44561	-4.37324
AHI1.Whole_Blood	-0.514837132353393	0.000848790928494892	0.450402	-1.76918
AHNAK2.Skin_Not_Sun_Exposed_Suprapubic	-0.0977797964542362	0.000185804788861917	0.187483	-0.5402
AHSA2.Cells_Cultured_fibroblasts	-1.53920194991765	0.00138598479259778	0.214134	-3.66748
AHSA2.Cells_EBV-transformed_lymphocytes	-0.438620421769349	0.000585949303034906	0.341115	-1.5501
AHSA2.Skin_Not_Sun_Exposed_Suprapubic	-0.246284927794822	0.000870875211749627	0.751411	-1.44288
AHSA2.Skin_Sun_Exposed_Lower_leg	-0.566291659958317	0.000988505371230101	0.738257	-2.06324
AHSA2.Whole_Blood	-1.28153884006773	0.00156787346247172	1.47474	-3.98638
ANKRD44.Cells_Cultured_fibroblasts	-0.264808591260302	0.000421396508893983	0.191399	-1.06727
ANKRD44.Skin_Not_Sun_Exposed_Suprapubic	0.445638010658546	0.000652960410365192	1.75895	-0.286614
ANKRD44.Skin_Sun_Exposed_Lower_leg	0.575750451887326	0.000751283234881403	2.34782	-0.157356
AP5B1.Skin_Not_Sun_Exposed_Suprapubic	-0.0289403741269079	0.000154718719931109	0.166704	-0.444367
AP5B1.Skin_Sun_Exposed_Lower_leg	-0.048209337953139	0.000119352081484728	0.108474	-0.426659
ARAP3.Cells_Cultured_fibroblasts	-0.033164555806145	0.00014545041264776	0.229957	-0.374884
ARFRP1.Cells_Cultured_fibroblasts	-0.145244654569382	0.000310868145774418	0.16776	-0.782058
ARFRP1.Whole_Blood	0.0649391081694278	0.000340955965869927	0.634038	-0.513915
ARHGAP15.Whole_Blood	-0.0981876868191233	0.000151223071733451	0.149958	-0.468265
B4GALT3.Cells_Cultured_fibroblasts	1.99565	0	1.99565	1.99565
BANF1.Cells_Cultured_fibroblasts	-0.124979002882678	0.000874504370846657	1.35645	-1.05198
BANF1.Skin_Not_Sun_Exposed_Suprapubic	-0.310636176872532	0.000437476766349488	0.166423	-0.894728
BANF1.Skin_Sun_Exposed_Lower_leg	-0.211880770829651	0.000287455763310754	0.0342915	-0.503088
BBS12.Cells_Cultured_fibroblasts	0.171597478252042	0.000393769614985873	1.02083	-0.163197
C12orf65.Cells_Cultured_fibroblasts	-0.302619015328268	0.000610143707462748	0.171065	-1.43065
C12orf65.Skin_Not_Sun_Exposed_Suprapubic	-0.142498336161924	0.00037111477476135	0.370656	-0.814441
C12orf65.Skin_Sun_Exposed_Lower_leg	-0.150394414833818	0.000352643479062377	0.0843338	-0.749191
C2orf74.Cells_Cultured_fibroblasts	11.2042529934811	0.00372776964530599	21.1891	1.0836
C2orf74.Skin_Not_Sun_Exposed_Suprapubic	5.62096250716886	0.00242590764990113	10.2577	0.854991
C2orf74.Skin_Sun_Exposed_Lower_leg	7.1459348070972	0.00260920820370191	12.2743	2.04051
C2orf74.Whole_Blood	0.480658696072546	0.000864474457806847	1.49393	-0.218133
C5orf56.Cells_EBV-transformed_lymphocytes	-0.0862064236319184	0.000322713070368421	0.392249	-0.822638
C5orf56.Skin_Not_Sun_Exposed_Suprapubic	-0.115231575704044	0.000303217755597765	0.17381	-0.650067
C5orf56.Skin_Sun_Exposed_Lower_leg	-0.0598356634147914	0.000227689871056579	0.17087	-0.550258
C6orf163.Cells_EBV-transformed_lymphocytes	0.0410795028760874	0.000654721471861625	0.915626	-0.787553
C6orf163.Whole_Blood	0.028443401342169	0.000440780467742935	0.674767	-0.890279
CAMK2G.Cells_Cultured_fibroblasts	0.190441203565607	0.000527187017893808	1.10503	-0.567976
CAMK4.Cells_EBV-transformed_lymphocytes	0.124796918943623	0.000473567215942327	1.09887	-0.557763
CAMKK2.Whole_Blood	0.0657281720517266	0.000128563155565382	0.449969	-0.219213
CASC3.Cells_Cultured_fibroblasts	-0.0208897028321624	0.000266227162320722	0.416801	-0.994796
CASC3.Whole_Blood	0.0485823021880765	0.000293332317319734	0.429226	-1.19245
CCL20.Whole_Blood	-0.203205824433709	0.00043055445745745	0.119445	-1.07069
CCNI2.Cells_Cultured_fibroblasts	0.000398566066096226	0.000151881533578117	0.20852	-0.333379
CCNI2.Cells_EBV-transformed_lymphocytes	0.0609991693104854	0.000247744850940987	0.712944	-0.390631
CD200R1.5103_30	0.0469429089119638	0.000128388885254815	0.321282	-0.139539
CD200R1.Cells_Cultured_fibroblasts	0.20472353336239	0.000326881677229262	0.757695	-0.180938
CD200R1.Whole_Blood	0.0726563668149849	0.000155052960537595	0.344206	-0.16607
CD207.Skin_Sun_Exposed_Lower_leg	-0.184111638746321	0.000367174912649556	0.129755	-0.947495
CDC42SE2.Skin_Not_Sun_Exposed_Suprapubic	-0.112808716045127	0.000245172123682772	0.0631707	-0.528038
CDCA4.Cells_Cultured_fibroblasts	0.0125632262602934	0.000216185312360951	0.522862	-0.348135
CDCA4.Whole_Blood	-0.129342889937533	0.000222358063738067	0.147234	-0.606288
CDK2AP1.Cells_Cultured_fibroblasts	-0.874314574110488	0.00179866046592926	1.96447	-4.3473
CDK2AP1.Skin_Not_Sun_Exposed_Suprapubic	-0.266749122692047	0.000903709555494901	1.03538	-1.99044
CDK2AP1.Skin_Sun_Exposed_Lower_leg	-0.256782929896317	0.000980166926390857	1.52002	-2.0715
CEP19.Whole_Blood	-0.405758684586795	0.000803371345023278	0.778106	-1.4492
CHD4.Skin_Not_Sun_Exposed_Suprapubic	-0.00182240287085258	0.00014055495520938	0.250463	-0.343912
CHP1.Cells_Cultured_fibroblasts	-0.241429338810038	0.000545820576711523	0.29468	-1.13526
CHP1.Skin_Sun_Exposed_Lower_leg	-0.357253132111435	0.000513166571112145	0.177968	-1.07008
CHP1.Whole_Blood	-0.154348864950008	0.000306174329129919	0.243608	-0.650735
CLIC4.15314_49	0.00197422752918467	9.22443990317488e-06	0.0224835	-0.021539
CRAT.Cells_Cultured_fibroblasts	-0.613529791070945	0.000991197065148017	0.435739	-2.43396
CRAT.Cells_EBV-transformed_lymphocytes	-0.238711302288165	0.000526400060212151	0.480257	-1.22276
CRAT.Skin_Not_Sun_Exposed_Suprapubic	-0.179179880512163	0.000345470122755712	0.224047	-0.832449
CRAT.Whole_Blood	-0.81203876479724	0.00139766986954575	1.08879	-3.47231
CRCT1.Skin_Not_Sun_Exposed_Suprapubic	0.221460616110314	0.000312199911751395	0.657997	-0.0365058
CRCT1.Skin_Sun_Exposed_Lower_leg	0.0602322339647979	0.000129216037249077	0.336101	-0.166832
CRNN.Skin_Not_Sun_Exposed_Suprapubic	0.233541208310003	0.000471084806378266	1.16546	-0.371608
CRNN.Skin_Sun_Exposed_Lower_leg	0.349978575447689	0.000767875469813555	1.95076	-0.496073
CSF3.4840_73	-0.00519183247790032	2.70602888850831e-05	0.0315679	-0.0432682
D2HGDH.Cells_Cultured_fibroblasts	1.05786336603729	0.00149039352444767	2.85534	-1.63587
D2HGDH.Cells_EBV-transformed_lymphocytes	0.928531395646977	0.0010422533015557	2.2889	-0.817716
D2HGDH.Skin_Not_Sun_Exposed_Suprapubic	0.979716281692283	0.00123733563334551	2.3103	-0.481463
D2HGDH.Skin_Sun_Exposed_Lower_leg	0.919853319364847	0.00128808153134223	2.29542	-0.81864
D2HGDH.Whole_Blood	0.647449767845215	0.000856538691042949	1.52755	-0.470796
DCST2.Skin_Sun_Exposed_Lower_leg	0.0139805119499072	0.000269794236355949	0.458458	-0.408817
DDX6.Cells_Cultured_fibroblasts	-0.0949725345356645	0.000661318392791128	0.976215	-1.63728
DDX6.Skin_Sun_Exposed_Lower_leg	0.0986314543470673	0.000365494816567228	0.612216	-0.472228
DDX6.Whole_Blood	0.0365327077517481	0.000295141761516257	0.444002	-0.479071
DLL4.3305_6	-0.00464513527224751	1.02141210696089e-05	0.0281987	-0.0285574
DOK2.19578_19	-0.00220437683470634	3.2239532541661e-05	0.06787	-0.0727596
DTYMK.Whole_Blood	-0.00416332147691158	7.0794529008519e-05	0.130566	-0.133127
ECM1.3366_51	-1.66122194948191	0.000984959151659488	-0.305837	-3.09093
EFEMP2.Cells_Cultured_fibroblasts	0.288673880950585	0.000661200412021252	1.28344	-0.520128
EFEMP2.Whole_Blood	0.155103529969006	0.000477748246403533	1.2724	-0.360457
EFNA4.2614_28	-0.00131686059550194	4.98877610881959e-06	0.00729589	-0.0150923
EIF1AD.Cells_Cultured_fibroblasts	0.671138979827862	0.00124012106143982	2.51225	-1.17019
EIF1AD.Skin_Not_Sun_Exposed_Suprapubic	0.138152309039057	0.000634138286020109	1.15257	-0.903164
EIF1AD.Skin_Sun_Exposed_Lower_leg	0.170414217701741	0.000751223622046391	1.62587	-0.80305
ELAC1.Skin_Sun_Exposed_Lower_leg	0.0863451072683535	0.000192678245071519	0.419611	-0.280374
ENSA.Whole_Blood	-0.0569652290867619	0.00017973007870106	0.221801	-0.328644
EP300.Skin_Not_Sun_Exposed_Suprapubic	0.06635020003874	0.000216976133302025	0.474083	-0.245946
ERBB2.Skin_Not_Sun_Exposed_Suprapubic	0.143416209404305	0.000357476094942199	0.66885	-0.422147
ERBB2.Skin_Sun_Exposed_Lower_leg	0.120183493149787	0.000277089262195659	0.539504	-0.271612
ERBB3.2617_56	-0.0590536883231548	0.000104023535593164	0.0934451	-0.223236
FAM114A1.Cells_Cultured_fibroblasts	0.081793003444524	0.00019279186584947	0.607895	-0.182268
FAM114A1.Skin_Sun_Exposed_Lower_leg	0.718951742428107	0.00186911994353784	3.82675	-1.77112
FAM114A1.Whole_Blood	0.100949110226515	0.000254345497364457	0.613318	-0.155576
FAM117B.Whole_Blood	-0.506571412275644	0.00097843681379609	0.272097	-1.94654
FAM134C.Skin_Not_Sun_Exposed_Suprapubic	-0.0707018923820215	0.000162858834443071	0.224797	-0.503161
FAM134C.Skin_Sun_Exposed_Lower_leg	0.00974299602438524	9.7659842445046e-05	0.220815	-0.143336
FAM177A1.Skin_Not_Sun_Exposed_Suprapubic	0.261252904725454	0.000746356666557078	1.6301	-0.632789
FAM177A1.Skin_Sun_Exposed_Lower_leg	0.338180422916062	0.000755826726454847	1.78967	-0.534474
FBXW2.Cells_Cultured_fibroblasts	0.488649387701874	0.000773448944217865	1.77168	-0.424661
FCER1G.Skin_Sun_Exposed_Lower_leg	0.258233	0	0.258233	0.258233
FCER1G.Whole_Blood	0.717493	0	0.717493	0.717493
FLG2.Cells_Cultured_fibroblasts	0.245489639960683	0.000434104176240425	0.932994	-0.236685
FLG.Cells_Cultured_fibroblasts	1.32215281997249	0.00164351080461308	4.0445	-1.11939
FLG.Skin_Not_Sun_Exposed_Suprapubic	-0.15024478699086	0.0003053685946609	0.204244	-0.868262
FLG.Skin_Sun_Exposed_Lower_leg	-0.118675073635463	0.000351295931640116	0.375433	-0.950148
FOSL1.Skin_Sun_Exposed_Lower_leg	-0.0832107685948784	0.000245585296236219	0.30094	-0.617932
FOSL2.Cells_Cultured_fibroblasts	-0.0901103746891063	0.000307632430250893	0.524582	-0.903555
GAL3ST2.Skin_Not_Sun_Exposed_Suprapubic	-0.275947283562488	0.000381854251545907	0.227442	-0.686364
GAL3ST2.Skin_Sun_Exposed_Lower_leg	-0.21819224575665	0.00030045379663005	0.152488	-0.563762
GLI1.Whole_Blood	-0.107063984178899	0.000209284201737873	0.287069	-0.597776
GMEB2.Cells_EBV-transformed_lymphocytes	0.111126289470137	0.000273558426608527	0.731525	-0.435053
GMEB2.Skin_Sun_Exposed_Lower_leg	-0.00119865740669335	0.000284540063023899	0.537341	-0.687136
GMEB2.Whole_Blood	0.0610357571521367	0.000238652442850948	0.49053	-0.331312
GNPDA1.Skin_Sun_Exposed_Lower_leg	-0.318711338402592	0.00036883092691796	0.193535	-1.17085
GPR18.Whole_Blood	0.0436147843442719	0.000188278238343135	0.506002	-0.143939
GSAP.Cells_Cultured_fibroblasts	-0.839738489147868	0.00100080402385366	0.524024	-3.07222
GSDMA.Cells_Cultured_fibroblasts	0.30459251622431	0.00070971822794295	1.24941	-0.690622
GSDMA.Skin_Not_Sun_Exposed_Suprapubic	-0.0455795501884301	0.000272005891107245	0.640949	-0.396795
GSDMA.Skin_Sun_Exposed_Lower_leg	-0.0478157839779666	0.000429763534848531	0.900169	-0.612126
GSDMB.Cells_Cultured_fibroblasts	0.119622217403092	0.000327278269935151	0.442473	-0.926053
GSDMB.Cells_EBV-transformed_lymphocytes	0.634519944424248	0.000996729781268035	1.89005	-1.82881
GSDMB.Skin_Sun_Exposed_Lower_leg	0.15124274971569	0.000362393693405678	0.569482	-0.916497
GSDMB.Whole_Blood	1.24828951416599	0.0011459373838153	3.04355	-0.736501
HDAC3.Cells_Cultured_fibroblasts	0.0428159370195466	0.000271445812192084	0.585935	-0.359133
HEXIM1.15596_7	0.021701598305315	9.9697794473985e-05	0.237287	-0.118666
HSPA4.Skin_Not_Sun_Exposed_Suprapubic	0.0561694605446737	0.000182951158364294	0.535652	-0.431077
HSPD1.Cells_EBV-transformed_lymphocytes	-0.110870818262353	0.000213351355116628	0.2031	-0.491294
HYOU1.Skin_Not_Sun_Exposed_Suprapubic	-0.0488902415961589	0.000119720329992204	0.191211	-0.31886
ICAM1.4342_10	-1.55185988892111	0.00235574342031075	2.17626	-5.96167
ICAM5.8245_27	0.146508796441113	0.00102814269056641	1.79921	-2.32444
ICAM5.Skin_Not_Sun_Exposed_Suprapubic	0.131151646667063	0.000231150599482254	0.447857	-0.185593
IKZF1.Whole_Blood	-0.173385421892212	0.000304276884549401	0.18572	-0.660961
IKZF3.Cells_EBV-transformed_lymphocytes	0.217874048158183	0.000475919093649494	0.865656	-0.315477
IKZF3.Whole_Blood	-0.112529037157482	0.000299998582307785	0.339089	-0.515892
IKZF4.Skin_Not_Sun_Exposed_Suprapubic	0.15553550863283	0.000253968900635409	0.653413	-0.172044
IL15RA.Skin_Not_Sun_Exposed_Suprapubic	0.136640386726732	0.000311534053394575	0.852947	-0.326518
IL18R1.14079_14	2.31009332828987	0.000854353302972966	4.70055	0.54004
IL18R1.Skin_Not_Sun_Exposed_Suprapubic	-0.050322934181365	0.000570060618032709	0.652284	-0.8563
IL18R1.Skin_Sun_Exposed_Lower_leg	-0.0713788550825652	0.000463208655247886	0.581889	-0.729948
IL18RAP.Skin_Not_Sun_Exposed_Suprapubic	0.104291290705022	0.000286894009636436	0.54591	-0.250731
IL18RAP.Skin_Sun_Exposed_Lower_leg	0.252157701254399	0.000478936190941256	1.0291	-0.416363
IL18RAP.Whole_Blood	-0.881126008929814	0.00117264380128024	1.22003	-3.56482
IL1A.Skin_Not_Sun_Exposed_Suprapubic	0.0936184936312787	0.00059917939344398	0.867449	-0.796982
IL1A.Skin_Sun_Exposed_Lower_leg	0.210562193111118	0.000737591611882387	1.33331	-1.04146
IL1B.Skin_Not_Sun_Exposed_Suprapubic	0.0166434929071636	0.000192613826419741	0.270234	-0.252371
IL1B.Skin_Sun_Exposed_Lower_leg	0.135721102561637	0.000277428453740935	0.525813	-0.25296
IL1R1.2991_9	-0.0316230512578103	0.000300317568718671	0.468788	-0.560102
IL1R1.Cells_EBV-transformed_lymphocytes	-0.070720856219365	0.0003005961265073	0.489536	-0.539952
IL1R2.14133_93	-0.176156157461818	0.000754090422743539	1.02499	-1.56724
IL1RL1.4234_8	-1.36775917953357	0.00143467251420342	1.94204	-4.56076
IL1RL2.2994_71	0.0321691046088974	0.000215720402116818	0.392117	-0.455987
IL1RL2.Cells_Cultured_fibroblasts	-0.0901444023507932	0.00028912060844575	0.322015	-0.882898
IL1RL2.Skin_Not_Sun_Exposed_Suprapubic	0.13414229431202	0.000618315023571627	0.869784	-0.547339
IL1RL2.Skin_Sun_Exposed_Lower_leg	0.332341419805811	0.000613423007132664	1.09035	-0.328673
IL22.2778_10	-0.0251477806551195	3.02679904722297e-05	0.014879	-0.0803042
IL2RA.3151_6	0.00131364960700927	5.67048504160851e-05	0.101253	-0.113932
IL33.Cells_Cultured_fibroblasts	0.125812772096813	0.000509810465306009	1.09114	-0.454845
IL36B.Skin_Not_Sun_Exposed_Suprapubic	0.436092265568783	0.00123042484676375	2.71093	-1.70859
IL36B.Skin_Sun_Exposed_Lower_leg	0.551242701831792	0.00140732021309038	3.13881	-2.20585
IL36G.Skin_Sun_Exposed_Lower_leg	-0.10052736830631	0.000179794607636282	0.236148	-0.52352
IL6R.15602_43	0.395003018999626	0.00223080887065911	4.29703	-3.45069
IL6R.Whole_Blood	0.257225365753946	0.000417727201270522	0.887194	-0.185282
IL7R.5089_11	0.0105326498083974	6.41075151154222e-05	0.108568	-0.101465
IL7R.Cells_Cultured_fibroblasts	0.0953926291980489	0.000434160169118511	0.923747	-0.811561
INO80.Cells_Cultured_fibroblasts	0.0629542446846684	0.000109849535521298	0.218953	-0.0762193
IQCH.Skin_Not_Sun_Exposed_Suprapubic	-0.215046676397651	0.000424024355588215	0.166394	-0.965551
IQCH.Skin_Sun_Exposed_Lower_leg	-0.243908883043776	0.000488166207177099	0.10573	-1.10926
IQGAP1.Cells_Cultured_fibroblasts	0.674062797173634	0.000847139993530761	2.29588	-0.437196
IQGAP1.Skin_Not_Sun_Exposed_Suprapubic	0.947596060818497	0.00146079901462886	4.55661	-1.0028
IQGAP1.Skin_Sun_Exposed_Lower_leg	0.989619259025889	0.00133682924226599	4.00382	-0.530786
IQGAP1.Whole_Blood	0.572053333955528	0.000743070954365451	1.97906	-0.193714
IRF1.Skin_Not_Sun_Exposed_Suprapubic	-0.0067719080916824	0.000178360263113563	0.194065	-0.289584
IRF1.Skin_Sun_Exposed_Lower_leg	0.000351261879438502	0.000137195893791694	0.181925	-0.201006
ITPKA.Whole_Blood	0.123910125703819	0.000225364801845061	0.552494	-0.0537174
JAG2.Skin_Sun_Exposed_Lower_leg	0.0193600401365027	8.264306280022e-05	0.187596	-0.176365
KDM8.Cells_Cultured_fibroblasts	0.0187960649148787	0.000268429803327491	0.30387	-0.330925
KIAA0391.Cells_EBV-transformed_lymphocytes	0.0205252281343597	0.0003200131601768	0.675016	-0.59174
KIAA0391.Skin_Not_Sun_Exposed_Suprapubic	0.211286810802386	0.000662923868834372	1.65429	-1.08435
KIAA0391.Skin_Sun_Exposed_Lower_leg	0.125727866920472	0.000712037283498922	1.47657	-1.18071
KIAA1109.Skin_Not_Sun_Exposed_Suprapubic	-0.00504285384106134	0.000158056502206577	0.459799	-0.27449
KIAA1109.Skin_Sun_Exposed_Lower_leg	-0.0187850087633028	0.000161406534273394	0.229079	-0.315024
KIF3A.Cells_Cultured_fibroblasts	-0.167660653212841	0.000676710171630624	0.412738	-2.04735
KIF3A.Skin_Not_Sun_Exposed_Suprapubic	-0.0722860123033112	0.000302774813803855	0.413721	-0.707969
KIF3A.Skin_Sun_Exposed_Lower_leg	-0.126778655636604	0.000292069660574537	0.0981255	-0.998411
KIF3A.Whole_Blood	-0.152794704312534	0.000233102137505629	0.178535	-0.794064
KYNU.4559_64	-0.12189507620929	0.000549238693187734	0.822676	-1.5316
LAYN.2635_61	-0.0175743727585505	3.67727611482764e-05	0.028896	-0.0815618
LAYN.Cells_Cultured_fibroblasts	0.112868984446526	0.000223302719831187	0.635071	-0.233827
LCE1D.Skin_Not_Sun_Exposed_Suprapubic	-2.01174768950386	0.00137825583268271	-0.215849	-4.11006
LCE1D.Skin_Sun_Exposed_Lower_leg	-1.91860503680258	0.00150775807621369	0.178193	-4.32255
LCE1E.Skin_Not_Sun_Exposed_Suprapubic	-0.86449116833864	0.00109048501126569	0.862711	-2.43243
LIME1.Skin_Not_Sun_Exposed_Suprapubic	0.158726848137592	0.000323762584736995	0.775733	-0.155435
LIME1.Skin_Sun_Exposed_Lower_leg	0.1822184900461	0.000398531030926625	0.747636	-0.370898
LIME1.Whole_Blood	0.0774508576633985	0.000179688748776046	0.495874	-0.183098
LINGO4.Skin_Not_Sun_Exposed_Suprapubic	0.334263212849379	0.000863659961006594	2.92665	-0.888613
LINGO4.Skin_Sun_Exposed_Lower_leg	0.178470907517703	0.00104498115726736	3.15282	-1.58358
LMAN2.9468_8	0.0206952978596433	0.000100697784916918	0.194496	-0.184465
LMAN2.Cells_Cultured_fibroblasts	0.071049883712375	0.000265096468216576	0.828965	-0.298906
LMAN2.Whole_Blood	0.146796331288322	0.000319584688392144	0.729199	-0.467227
LRRC43.Whole_Blood	0.114828557727652	0.000253214682899468	0.51321	-0.355622
MANBA.Skin_Not_Sun_Exposed_Suprapubic	-0.15615046115451	0.000269447364844877	0.182128	-0.461209
MANBA.Skin_Sun_Exposed_Lower_leg	-0.157139934794433	0.000189925316779115	0.100839	-0.460768
MANBA.Whole_Blood	-0.0616968992732732	0.000188305868155396	0.326777	-0.462667
MAP3K11.Skin_Not_Sun_Exposed_Suprapubic	0.503976602165834	0.000812846822272383	1.69969	-0.448652
MAP3K11.Skin_Sun_Exposed_Lower_leg	0.316612877116315	0.000547453624691166	1.0276	-0.195996
MAP3K11.Whole_Blood	0.584628732240659	0.000762560086521404	1.68858	-0.196055
MARS2.Skin_Sun_Exposed_Lower_leg	-0.145879764068985	0.000228253304745099	0.120017	-0.460342
MAST2.Cells_Cultured_fibroblasts	2.10113739497831	0.0013105243564745	4.1468	0.416645
MAST2.Skin_Not_Sun_Exposed_Suprapubic	0.0379768111148762	0.000276507576764823	0.391628	-0.306636
MBD2.Skin_Sun_Exposed_Lower_leg	-0.0603946715500195	0.000196165721842346	0.177833	-0.566058
MDH1.3853_56	0.0223222183866417	6.00399462390427e-05	0.110927	-0.0256035
MDH1.Cells_Cultured_fibroblasts	0.16420077094363	0.000461461653440465	0.85331	-0.2767
MDH1.Skin_Not_Sun_Exposed_Suprapubic	0.119395538193643	0.000335204680551359	0.680068	-0.49008
MDH1.Whole_Blood	0.0334127379578273	0.000104768379914	0.151464	-0.0989393
MED24.Cells_Cultured_fibroblasts	-0.201610271740278	0.000476633236708526	0.396626	-0.807881
MED24.Skin_Not_Sun_Exposed_Suprapubic	-0.188960690829162	0.000684458423114273	1.06371	-1.06598
MED24.Skin_Sun_Exposed_Lower_leg	-0.254684370110706	0.000712720100992913	1.07098	-1.09611
MED24.Whole_Blood	-0.230772255855964	0.000522374812137867	0.469586	-0.898554
MEI1.Cells_Cultured_fibroblasts	0.969589223659412	0.00139379736968582	4.17175	-3.17752
MEI1.Cells_EBV-transformed_lymphocytes	0.2939652975997	0.000791338142805929	1.8948	-0.37977
MEI1.Skin_Not_Sun_Exposed_Suprapubic	0.0548410729634308	0.000185670615282891	0.434593	-0.198708
MEI1.Skin_Sun_Exposed_Lower_leg	0.109664511357221	0.000342278933034758	0.769156	-0.285951
MEI1.Whole_Blood	1.27399453748718	0.0013775592942436	4.58333	-4.87521
MMP12.4496_60	-0.465472465698868	0.00068160220169314	0.627902	-2.26252
MMP19.6425_87	0.0220611581157199	6.5310897281446e-05	0.153193	-0.216277
MPHOSPH9.Skin_Not_Sun_Exposed_Suprapubic	0.173655732069042	0.000454248554463098	1.07216	-0.579103
MPHOSPH9.Skin_Sun_Exposed_Lower_leg	0.15687695347148	0.000379487778099135	0.84704	-0.537347
MRPS33.Cells_EBV-transformed_lymphocytes	-0.0981880644755466	0.00019171147168939	0.232158	-0.550738
MSL1.Skin_Sun_Exposed_Lower_leg	-0.0985283002659603	0.000383222954844185	0.510456	-0.880698
MYL6.Skin_Not_Sun_Exposed_Suprapubic	-0.000607402373217304	9.39991413594932e-05	0.178963	-0.243899
NAGLU.Cells_Cultured_fibroblasts	-0.242141445114646	0.000817898423142913	0.596069	-2.24103
NDFIP1.Skin_Not_Sun_Exposed_Suprapubic	-0.151461780736682	0.000349447896062993	0.453538	-0.744906
NDFIP1.Whole_Blood	0.163708550085371	0.000259563116272511	0.553602	-0.17763
NDST2.Skin_Not_Sun_Exposed_Suprapubic	-0.152201380525554	0.000324219125402142	0.284529	-0.722955
NDST2.Whole_Blood	-0.139401173810901	0.000575135099984054	0.830265	-0.944689
NDUFAF1.Cells_Cultured_fibroblasts	-0.815618692187598	0.00118702203244742	0.631089	-3.18768
NDUFAF1.Cells_EBV-transformed_lymphocytes	-0.610772783875982	0.00159172703598292	1.58688	-3.98502
NDUFS2.Cells_Cultured_fibroblasts	0.530437	0	0.530437	0.530437
NEU4.Skin_Not_Sun_Exposed_Suprapubic	-0.115231833170774	0.000213866742252961	0.152682	-0.521224
NEU4.Skin_Sun_Exposed_Lower_leg	-0.049685401060748	0.000241247819545867	0.43472	-0.481184
NFKB1.9869_28	0.0314352346466563	5.65782038418212e-05	0.120762	-0.0362551
NFKB1.Cells_Cultured_fibroblasts	0.21793852112626	0.000410640920058252	0.820355	-0.223658
NFKB1.Whole_Blood	0.0881763874701773	0.00021207742777049	0.436618	-0.172855
NRROS.Skin_Sun_Exposed_Lower_leg	-0.0513121210374962	0.000288596776870178	0.629269	-0.645889
NSMCE1.Skin_Sun_Exposed_Lower_leg	0.146953884785395	0.000247226411494859	0.555353	-0.231663
NUSAP1.Cells_Cultured_fibroblasts	0.0756848031024047	0.000189288744940477	0.375279	-0.0959316
ORMDL3.Cells_Cultured_fibroblasts	0.417619350622764	0.000589841749394362	1.23048	-1.02712
ORMDL3.Cells_EBV-transformed_lymphocytes	2.49526016554795	0.00175024860527936	5.0843	-0.930496
ORMDL3.Skin_Not_Sun_Exposed_Suprapubic	0.0989757597837663	0.000243594158132434	0.441361	-0.353453
ORMDL3.Skin_Sun_Exposed_Lower_leg	0.237443826863084	0.000382860925226422	0.742865	-0.44504
ORMDL3.Whole_Blood	0.211969045173774	0.000996945796608426	1.4343	-1.35262
OTX1.Skin_Sun_Exposed_Lower_leg	-0.132150653411667	0.000220030638201272	0.114688	-0.49495
OVOL1.Cells_EBV-transformed_lymphocytes	0.466936824372137	0.000880999222232476	1.49448	-0.407488
P4HA2.Cells_Cultured_fibroblasts	-0.164600080445451	0.000547086189569312	0.346638	-1.10999
PDCD1.15623_1	0.00198982097625487	9.16825352029123e-06	0.0234363	-0.0154673
PDCD1.Whole_Blood	-0.123772353038639	0.000297685191550054	0.316653	-0.746846
PDLIM4.Cells_Cultured_fibroblasts	0.0457175357344213	0.00058212162060703	0.923128	-0.826256
PDLIM4.Cells_EBV-transformed_lymphocytes	0.332942078989854	0.000540424569762743	1.17566	-0.173133
PDLIM4.Skin_Not_Sun_Exposed_Suprapubic	-0.0603574270400452	0.000575351099807353	0.66408	-0.656096
PDLIM4.Skin_Sun_Exposed_Lower_leg	-0.0420557983829682	0.000715831841999884	0.815038	-0.707253
PGAP3.Skin_Not_Sun_Exposed_Suprapubic	0.192119789410115	0.000449350835631797	1.83305	-0.233531
PGAP3.Skin_Sun_Exposed_Lower_leg	0.21823787938991	0.000462264647955457	0.998165	-0.434104
PGAP3.Whole_Blood	0.0828522538721696	0.000209009528282208	0.660063	-0.319174
PGLYRP3.10561_5	0.00162509524418235	4.48338905053526e-05	0.115966	-0.0917588
PHF19.Cells_Cultured_fibroblasts	0.142207429151749	0.00028461981508124	0.809176	-0.362602
PHF19.Whole_Blood	-0.0761246969703212	0.000126534941972184	0.0822391	-0.331146
PIBF1.Skin_Not_Sun_Exposed_Suprapubic	-0.0670233431273778	0.000316193117463966	0.412792	-0.622607
PIK3R3.Whole_Blood	0.0369207496511696	0.000226962302040408	0.290213	-0.251053
PLAU.4158_54	0.221041938716902	0.000394661833219765	1.097	-0.52752
PLCL1.Cells_Cultured_fibroblasts	-0.265092787314986	0.00045058330789989	0.287238	-1.03345
PLCL1.Whole_Blood	0.56450749804568	0.000696531432720342	1.42155	-0.239237
PMM1.Cells_Cultured_fibroblasts	-0.372727231935847	0.000897251232192565	0.4164	-2.32203
PMM1.Cells_EBV-transformed_lymphocytes	-0.374745112011029	0.000927636070306419	0.257155	-2.21561
PMM1.Skin_Not_Sun_Exposed_Suprapubic	-0.288460111234902	0.000667644501624768	0.132443	-1.64295
PMM1.Skin_Sun_Exposed_Lower_leg	-0.238854116931286	0.000569691984494544	0.234663	-1.45196
PMVK.12450_42	-0.0299554810553296	7.8967643851681e-05	0.134736	-0.281576
POLI.Cells_Cultured_fibroblasts	-0.989766519136403	0.00163099414277297	1.32564	-3.56026
POLI.Cells_EBV-transformed_lymphocytes	0.359657968335906	0.00106665783787446	2.22472	-1.0074
POLI.Skin_Sun_Exposed_Lower_leg	-0.544561305992306	0.00162231909893555	2.68628	-2.83758
PPP1R1B.Skin_Not_Sun_Exposed_Suprapubic	-0.119592710407562	0.000268523162718757	0.14642	-0.569989
PPP1R1B.Skin_Sun_Exposed_Lower_leg	-0.0646939882831533	0.000139292954413052	0.145347	-0.373847
PPP2R3C.Cells_EBV-transformed_lymphocytes	0.157105045111295	0.000390689321119198	0.939259	-0.344486
PPP2R3C.Skin_Not_Sun_Exposed_Suprapubic	0.170388759609905	0.000518602654143905	1.16343	-0.437076
PPP2R3C.Skin_Sun_Exposed_Lower_leg	0.0896445329498841	0.000385922571950737	0.849256	-0.336317
PPP2R3C.Whole_Blood	-0.952203954591866	0.00150106785060859	1.26594	-4.19774
PSMD3.Cells_Cultured_fibroblasts	0.117674198762627	0.000354096939122804	0.804897	-0.384911
PSMD5.Cells_Cultured_fibroblasts	0.428769040034239	0.000709400326745609	1.69954	-0.718203
PSMD5.Skin_Not_Sun_Exposed_Suprapubic	0.300130286499226	0.000523003586360058	1.24755	-0.28329
PSMD5.Skin_Sun_Exposed_Lower_leg	0.253513253877832	0.000424898035825449	0.871281	-0.316639
PSMD5.Whole_Blood	0.0657713936637816	0.000269623019754515	0.463107	-0.348829
PTRF.Cells_Cultured_fibroblasts	0.0348845870132352	0.000205304345090764	0.524905	-0.367814
PTRF.Skin_Not_Sun_Exposed_Suprapubic	0.00299241626236522	0.000101077999585084	0.188099	-0.188092
PUS10.Skin_Sun_Exposed_Lower_leg	0.0966639046499315	0.00024323274361461	0.631397	-0.18044
PUS10.Whole_Blood	0.0729977952712506	0.000272758355267249	0.591643	-0.354179
PVALB.Whole_Blood	-0.491441956840962	0.000782567414671075	0.468184	-2.13076
RAB14.Cells_Cultured_fibroblasts	0.0469216564277399	0.000275304992770309	0.469126	-0.299366
RAD50.Skin_Not_Sun_Exposed_Suprapubic	-0.145960451124407	0.000258257292116935	0.171369	-0.729203
RAD50.Skin_Sun_Exposed_Lower_leg	-0.0926766800212489	0.000204182456206234	0.291377	-0.649126
RANGAP1.Skin_Sun_Exposed_Lower_leg	-0.0669358412180149	0.000177278282469642	0.0554817	-0.417112
RAPGEFL1.Cells_EBV-transformed_lymphocytes	0.139372377025049	0.000467642937288859	1.29478	-1.11033
RAVER2.Cells_Cultured_fibroblasts	-0.0518582129028949	0.000232047376811962	0.532591	-0.62309
RBM17.Skin_Sun_Exposed_Lower_leg	-0.0647235253463031	0.000257927680333445	0.324895	-0.935901
RCOR1.Whole_Blood	0.401223243158934	0.000613797146975318	1.87561	-0.201937
RERE.Cells_Cultured_fibroblasts	0.12264501753283	0.00014434272967982	0.447478	-0.0994371
RERE.Skin_Not_Sun_Exposed_Suprapubic	-0.222347497231686	0.000281797426273214	0.230824	-0.713334
RERE.Skin_Sun_Exposed_Lower_leg	-0.149357101820123	0.000144716140925988	0.0768078	-0.502955
RERE.Whole_Blood	-0.507375492725536	0.000353381052311479	0.199565	-1.28125
RGS14.Cells_Cultured_fibroblasts	-1.04675592461717	0.00159501365140351	1.12189	-4.09077
RGS14.Skin_Not_Sun_Exposed_Suprapubic	-0.539578599462878	0.000804789008771537	0.286281	-1.92209
RGS14.Skin_Sun_Exposed_Lower_leg	-0.571092441629658	0.000921343455773567	0.837343	-2.20217
RMI2.Skin_Not_Sun_Exposed_Suprapubic	-0.297839765289104	0.0013306749740604	2.29012	-3.07836
RMI2.Skin_Sun_Exposed_Lower_leg	-0.237160294939768	0.00106454849834625	1.33229	-2.29792
RPRD2.Whole_Blood	-0.0454452786953338	0.000244441690262214	0.48237	-0.384388
RPS26.Cells_Cultured_fibroblasts	1.55825862178098	0.00227332485333228	6.42854	-2.09928
RPS26.Cells_EBV-transformed_lymphocytes	1.43900577289892	0.00200151793886589	5.17819	-1.28964
RPS26.Skin_Sun_Exposed_Lower_leg	1.87347107061522	0.00282545771403985	8.61571	-3.79434
RPS26.Whole_Blood	1.48196061961108	0.00220011436767311	5.56018	-2.27728
RPTN.Skin_Not_Sun_Exposed_Suprapubic	0.134027012443918	0.00017657961554944	0.570587	-0.153475
RTEL1.Skin_Not_Sun_Exposed_Suprapubic	-0.142022361714538	0.000211248769955501	0.169572	-0.538152
RTEL1.Skin_Sun_Exposed_Lower_leg	-0.270422533965702	0.000329690559052585	0.178112	-0.746523
RTEL1.Whole_Blood	-0.111240748617911	0.000187188300076011	0.158759	-0.408809
RTF1.Whole_Blood	0.166060214439474	0.000324422596076711	0.691615	-0.164164
S100A3.Cells_Cultured_fibroblasts	0.153083950858908	0.000316518200053821	0.812953	-0.160223
S100A7.7916_10	-0.102228794630137	0.000514540135896444	2.77389	-1.68802
SCYL1.Cells_Cultured_fibroblasts	0.0193344653140081	0.000138117193085323	0.309273	-0.204456
SDR9C7.Skin_Not_Sun_Exposed_Suprapubic	0.0683409318226301	0.000269248112445139	0.737519	-0.139203
SDR9C7.Skin_Sun_Exposed_Lower_leg	0.183129692440483	0.0002873018337675	1.05906	-0.0793693
SENP7.Whole_Blood	0.12341420820011	0.000748626109842586	1.03602	-0.78463
SEPT8.Cells_Cultured_fibroblasts	-0.300542068770531	0.000848746247525463	0.336471	-2.47207
SEPT8.Skin_Not_Sun_Exposed_Suprapubic	0.22134288693405	0.000644546899363638	1.96391	-0.212209
SEPT8.Skin_Sun_Exposed_Lower_leg	0.243037706195752	0.000963717066195954	2.86682	-1.04963
SEPT8.Whole_Blood	-0.0574148235409387	0.000130280457725885	0.151843	-0.476479
SERPINB7.Skin_Not_Sun_Exposed_Suprapubic	-0.0790015124070946	0.000381821163895428	0.925458	-1.59465
SF3B1.Skin_Not_Sun_Exposed_Suprapubic	0.213962925955441	0.000368096671809904	0.769859	-0.136278
SF3B1.Skin_Sun_Exposed_Lower_leg	0.174810675483549	0.000271410857762641	0.68792	-0.0663497
SH3BGRL3.Skin_Not_Sun_Exposed_Suprapubic	-0.0635745676851303	0.00024139022493669	0.19134	-0.548762
SIDT2.Skin_Sun_Exposed_Lower_leg	0.0998595920004806	0.000296008744347091	1.05848	-0.379954
SIK2.Cells_Cultured_fibroblasts	0.156280042308993	0.000322375333950539	0.704665	-0.1783
SIK2.Whole_Blood	0.165870676890355	0.000398875636823671	0.871543	-0.269691
SIPA1.Cells_Cultured_fibroblasts	0.0702128600144076	0.000599974336959163	0.902647	-1.21598
SIPA1.Cells_EBV-transformed_lymphocytes	-0.0214486851950416	0.000451501216973143	0.487177	-1.09254
SLC15A2.Skin_Sun_Exposed_Lower_leg	0.172787254391361	0.000217351217876158	0.505772	-0.116689
SLC22A4.Skin_Not_Sun_Exposed_Suprapubic	0.108538185609844	0.000213403450165315	0.453073	-0.138574
SLC22A4.Skin_Sun_Exposed_Lower_leg	0.0678672486728743	0.000291078151160574	0.552982	-0.256043
SLC22A4.Whole_Blood	0.0192341794407374	0.000204163757310193	0.331201	-0.175466
SLC22A5.Cells_Cultured_fibroblasts	-2.12266951126743	0.00164374212870236	0.516312	-5.01949
SLC22A5.Cells_EBV-transformed_lymphocytes	-0.19901025716365	0.000664285282215079	1.19941	-0.97046
SLC22A5.Skin_Not_Sun_Exposed_Suprapubic	-0.741263657632073	0.00104441425945969	0.607374	-2.09996
SLC22A5.Skin_Sun_Exposed_Lower_leg	-1.60529110505831	0.00123914287657222	0.199221	-3.52531
SLC22A5.Whole_Blood	-0.455270504974114	0.000750419298232544	0.632135	-1.31233
SLC25A46.Cells_Cultured_fibroblasts	0.0809596573039213	0.000327854840675274	0.963355	-0.226781
SLC25A46.Skin_Not_Sun_Exposed_Suprapubic	0.00501164761178766	0.000167040255474228	0.778209	-0.289904
SLC25A46.Skin_Sun_Exposed_Lower_leg	-0.0784346867002396	0.000373485089539703	0.855536	-1.04579
SLC25A46.Whole_Blood	-0.0627044020249828	0.000365230733720115	0.297457	-1.02195
SLC35A1.Skin_Sun_Exposed_Lower_leg	-0.0483290116000075	0.000112689186497734	0.1156	-0.334417
SMAD3.Cells_Cultured_fibroblasts	0.452615758536404	0.000636559637547466	2.08618	-0.307305
SMAD3.Skin_Sun_Exposed_Lower_leg	0.333559637244291	0.000454059054800008	1.29845	-0.689339
SMAD4.Skin_Not_Sun_Exposed_Suprapubic	0.146555173996341	0.00023437163817933	0.530607	-0.134142
SMAD4.Skin_Sun_Exposed_Lower_leg	0.171087562435319	0.000296375202710193	0.581588	-0.15045
SMARCE1.Cells_Cultured_fibroblasts	0.742577551580934	0.00144845217912549	2.92927	-1.19796
SMARCE1.Cells_EBV-transformed_lymphocytes	0.283467747534885	0.000559860931337122	1.35033	-1.08021
SMARCE1.Skin_Not_Sun_Exposed_Suprapubic	0.337210621689511	0.000663931063649837	1.31337	-0.546862
SMARCE1.Skin_Sun_Exposed_Lower_leg	0.381844303582269	0.000824191588798265	1.66518	-0.888422
SMARCE1.Whole_Blood	0.0980164614541504	0.000159633237205325	0.33049	-0.127694
SOCS1.Skin_Not_Sun_Exposed_Suprapubic	0.0266297773416812	0.000153261607435516	0.34744	-0.283338
SPATA32.Skin_Sun_Exposed_Lower_leg	-0.0509877923124449	0.000256594649523821	0.36837	-0.389858
SPATA32.Whole_Blood	0.164009427571498	0.000768708651850861	1.26112	-0.885587
SPPL3.Cells_Cultured_fibroblasts	-0.0214270547735948	0.000641995093311329	0.771184	-0.726981
SPRR2B.Skin_Sun_Exposed_Lower_leg	0.0343965121996307	0.00047411961445305	0.743366	-0.674798
SPRR2D.Skin_Not_Sun_Exposed_Suprapubic	-0.14344061960571	0.000325636122290333	0.268801	-0.651955
SPRR2D.Skin_Sun_Exposed_Lower_leg	-0.279517287111196	0.000429051128078536	0.452307	-1.04576
SRP54.Whole_Blood	0.0633998147001441	0.000302037686174555	0.457449	-0.414464
STAC3.Cells_Cultured_fibroblasts	0.0626485237801481	0.000106723768687323	0.443689	-0.129734
STARD3.Cells_Cultured_fibroblasts	0.320233627160094	0.000584570610111244	1.31772	-0.173852
STAT6.Cells_Cultured_fibroblasts	-0.0661301440822172	0.00031182128357048	0.329722	-1.00247
STMN3.Skin_Sun_Exposed_Lower_leg	0.0983287211345492	0.000280304859724694	0.708482	-0.543929
STMN3.Whole_Blood	-0.326934292401811	0.000662203582449098	0.4946	-1.68035
SUFU.Cells_Cultured_fibroblasts	0.242799275184729	0.000689043093786702	1.83771	-0.52123
SUFU.Skin_Sun_Exposed_Lower_leg	-0.323520562390624	0.000737255684059114	0.449982	-1.31287
SUFU.Whole_Blood	-0.0350213600398361	0.000457969345353636	0.72004	-0.697378
SUOX.Cells_Cultured_fibroblasts	-0.177339447925253	0.000292745176911882	0.201078	-0.691326
SUOX.Skin_Not_Sun_Exposed_Suprapubic	-0.571193771580308	0.00106168517349936	0.60726	-2.52769
SUOX.Skin_Sun_Exposed_Lower_leg	-0.787045959601588	0.00124757228987116	0.723096	-2.61632
SUOX.Whole_Blood	-0.363365261308846	0.00066478011730907	0.496331	-1.43043
TAPBPL.6364_7	5.31395547342355	0.0032027172091128	11.792	0.780483
TARS2.Cells_Cultured_fibroblasts	-0.035325224809319	0.000250770878557081	0.281457	-0.314737
TARS2.Skin_Sun_Exposed_Lower_leg	-0.0303968274216634	0.000386471024631687	0.42837	-0.514606
TDRKH.Skin_Sun_Exposed_Lower_leg	0.292996857191094	0.000555814195415714	1.45656	-0.377555
TEF.Cells_EBV-transformed_lymphocytes	0.534021688085329	0.00107845422381671	2.88447	-0.650211
TEF.Whole_Blood	0.255570913520942	0.00073922771752894	1.61406	-0.511993
THEMIS.Cells_Cultured_fibroblasts	-0.0778213286427056	0.000185282312966445	0.235779	-0.395415
TLR10.Cells_EBV-transformed_lymphocytes	0.142434053996163	0.00120837969324701	3.426	-2.72376
TLR10.Skin_Sun_Exposed_Lower_leg	0.0300727416869243	0.000152366441218972	0.413852	-0.218807
TLR10.Whole_Blood	-0.0328357179579139	0.000168499083609836	0.200677	-0.440176
TLR1.16324_38	0.0815412406239381	0.000186567473260817	0.592884	-0.126216
TLR1.Cells_EBV-transformed_lymphocytes	0.478932918869605	0.00147380672452716	4.599	-1.7093
TLR1.Skin_Not_Sun_Exposed_Suprapubic	0.023626423320323	0.00013669913309337	0.42363	-0.229279
TLR6.Cells_Cultured_fibroblasts	-0.988811096241213	0.00152454540692797	1.50404	-5.13029
TLR6.Cells_EBV-transformed_lymphocytes	0.627681063874081	0.00146562659511843	4.58449	-2.61086
TLR6.Skin_Not_Sun_Exposed_Suprapubic	0.150078360323305	0.00149955705948448	3.22921	-2.03676
TLR6.Skin_Sun_Exposed_Lower_leg	0.282924056093173	0.00114246010223504	2.30094	-0.889948
TMEM156.Skin_Sun_Exposed_Lower_leg	0.0158129000934953	9.38110107988903e-05	0.248776	-0.130456
TMEM232.Cells_Cultured_fibroblasts	0.214481559182094	0.000678521883933126	1.732	-0.405593
TMEM232.Cells_EBV-transformed_lymphocytes	0.254209559271416	0.000759480946036828	2.37329	-0.797975
TMEM232.Skin_Not_Sun_Exposed_Suprapubic	0.134859891580272	0.00049652405198202	1.42871	-0.979101
TMEM232.Skin_Sun_Exposed_Lower_leg	0.12560428467124	0.00032897167739712	1.01209	-0.208477
TNFRSF14.5352_11	-0.000176671220070403	3.0843114407227e-06	0.00666597	-0.0100351
TNFRSF14.Cells_Cultured_fibroblasts	0.07280727738183	0.00022658429241348	0.480081	-0.275806
TNFRSF14.Cells_EBV-transformed_lymphocytes	0.393511800837345	0.000503264795064231	0.889405	-0.0988404
TNFRSF6B.5070_76	0.0151448282519787	2.34448650560991e-05	0.0841801	-0.0135803
TNFRSF6B.Cells_Cultured_fibroblasts	0.217295833112478	0.00034822442858758	0.810178	-0.324102
TNFRSF6B.Skin_Sun_Exposed_Lower_leg	-0.00835636811958916	0.000102299243310818	0.183064	-0.320676
TNFSF4.Whole_Blood	-0.213617	0	-0.213617	-0.213617
TNIP3.Whole_Blood	0.0574615918520184	0.000133470208910402	0.35358	-0.1343
TRAF1.Skin_Not_Sun_Exposed_Suprapubic	0.482627222948605	0.000745327691525906	2.17364	-0.28381
TRAF1.Skin_Sun_Exposed_Lower_leg	0.3436195726917	0.000552692341967099	1.71567	-0.19721
TRIM8.Cells_Cultured_fibroblasts	-0.167706675774893	0.000300446371638454	0.287974	-0.636927
TRIM8.Skin_Not_Sun_Exposed_Suprapubic	-0.226480440081274	0.000313031020089994	0.212326	-0.810085
TRIM8.Whole_Blood	-0.142743670683202	0.00048182845707026	0.407543	-0.720428
TSLP.Cells_Cultured_fibroblasts	-0.141823440633284	0.00030733923659876	0.421574	-0.645172
TSLP.Skin_Not_Sun_Exposed_Suprapubic	-0.460815672660859	0.000565457810756255	0.270563	-1.50623
TSLP.Skin_Sun_Exposed_Lower_leg	-0.427234578407656	0.000622453409819197	0.37461	-1.66
TUBG2.Skin_Not_Sun_Exposed_Suprapubic	0.0624065025994274	0.00048594679556265	0.566431	-0.575007
UBXN11.Skin_Sun_Exposed_Lower_leg	0.140455207907926	0.000266039661943622	0.997919	-0.146261
USP34.Cells_Cultured_fibroblasts	0.0892953726072983	0.000255619924935483	0.406008	-0.203842
WDR36.Skin_Not_Sun_Exposed_Suprapubic	0.0902172267713273	0.000505421944975659	1.14219	-0.709439
WDR36.Skin_Sun_Exposed_Lower_leg	-0.032637368687536	0.00053001725584449	0.999539	-1.02245
ZBTB38.Skin_Not_Sun_Exposed_Suprapubic	-0.139886	0	-0.139886	-0.139886
ZBTB38.Whole_Blood	0.63224	0	0.63224	0.63224
ZBTB7B.Skin_Not_Sun_Exposed_Suprapubic	-0.0764629442706191	0.00029853790261458	0.282626	-0.766795
ZBTB7B.Skin_Sun_Exposed_Lower_leg	-0.144334044347828	0.000441089629870725	0.361567	-1.05867
ZGPAT.Cells_Cultured_fibroblasts	-0.152575846282462	0.000393367530879475	0.233116	-0.943812
ZGPAT.Skin_Not_Sun_Exposed_Suprapubic	-0.0161119635782805	7.23455363689454e-05	0.149873	-0.187127
ZNF652.Skin_Not_Sun_Exposed_Suprapubic	-0.0175745370429628	0.000142647784799711	0.337401	-0.271185
ZNF652.Skin_Sun_Exposed_Lower_leg	-0.0210412007813906	0.000104490079253877	0.211371	-0.182019
ZNF774.Cells_EBV-transformed_lymphocytes	0.320367680198986	0.00042149841153506	1.39469	-0.146272
